hex
3f800000
b80000
3f800000
10000
3f800000
0
3f800000
b80000
0
0
3f7fd6d5
e0018000
0
0
0
0
0
0
0
0
0
0
0
0
0
0
0
0
0
0
0
0
0
0
0
0
0
0
3f800000
18000
0
0
3f800000
b88000
0
0
3f800000
10000
3f800000
0
3f800000
b80000
3f7fd6d5
e0018000
0
0
0
0
0
0
0
0
0
0
0
0
0
0
0
0
0
0
3a03110d
59000000
32b06c8e
d3008000
3f7ffffd
d2020000
340376db
d0028000
ba03126e
36b80000
31303aa5
e5c00000
3dfab340
45000000
3f60a96a
99008000
b7abe397
cf020000
bef5749e
13028000
312f5b5a
70b80000
3ef575ea
f2c00000
3f7ff7f7
e5000000
39005f7d
aa008000
ba03110d
59020000
39fb5e8c
96028000
34063708
6db80000
37ac4f96
18c00000
0
0
0
0
0
0
0
0
0
0
3f800000
28000
3f800000
b88000
0
0
3f800000
10000
0
0
3f800000
b80000
3f7fd6d5
e0010000
0
0
0
0
0
0
0
0
0
0
0
0
0
0
0
0
0
0
0
0
0
0
0
0
0
0
0
0
0
0
0
0
0
0
0
0
0
0
0
0
0
0
0
0
0
0
0
0
0
0
0
0
